203
206
333
335
337
342
343
353
354
356
357
358
359
360
361
366
367
368
369
370
374
379
380
388
390
399
409
410
411
414
415
416
417
420
423
425
426
432
437
440
441
451
456
464
507
516
518
521
522
526
536
538
550
568
575
582
591
593
596
604
610
1047
1048
1049
1050
1051
1052
1053
1055
1057
1059
1062
1067
1070
1078
1079
1082
1084
1085
1086
1087
1092
1093
1099
1100
1102
1104
1105
1107
1108
1109
1110
1111
1112
1113
1115
1116
1117
1118
1119
1120
1122
1126
1127
1128
1129
1130
1132
1135
1136
1139
1140
1146
1148
1149
1151
1152
1153
1156
1160
1163
1164
1166
1167
1168
1173
1175
1177
1178
1179
1181
1183
1184
1185
1186
1188
1191
1192
1193
1194
1196
1200
1201
1202
1205
1206
1211
1212
1214
1215
1216
1217
1218
1219
1224
1225
1226
1228
1230
1231
1235
1238
1240
1243
1246
1253
1259
1262
1264
1265
1266
1269
1272
1274
1275
1276
1278
1279
1280
1284
1290
1292
1296
1297
1303
1304
1305
1308
1310
4218
1311
1313
1316
1317
1318
1320
1323
1324
1325
1326
1327
1328
1329
1330
1331
1332
1333
1334
1335
1336
1337
1338
1339
1341
1342
1343
1345
1347
1348
1350
1351
1354
1357
1358
1359
1360
1361
1363
1364
1365
1366
1367
1368
1373
1375
1376
1378
1380
1382
1383
1384
1385
1387
1389
1390
1391
1392
1393
1394
1396
1398
1400
1401
1402
1403
1405
1411
1412
1413
1414
2851
2916
3009
3016
3122
3139
4683
3620
3704
3788
3792
3800
3877
3953
4001
4118
4313
4333
4350
4383
4393
4485
4492
4592
4608
4730
4734
4785
4794
4825
4930
4988
5023
5017
5034
5045
5349
5382
5357
5398
5441
5450
5458
5464
5508
5515
5522
5531
5549
5564
5601
5609
5623
5599
5652
5664
5672
5681
5689
5723
5744
5752
5760
5762
5764
5766
5786
5790
5803
5806
5837
5842
5848
5869
5909
5916
5930
5937
5945
5943
5955
5978
6020
6048
6053
6059
6101
6181
6186
6293
6305
6323
6327
6349
6357
6363
6383
6388
6395
6408
6420
6435
6441
6446
6454
6475
6484
6490
6506
6525
6555
6569
6628
6666
6682
6693
6702
6711
6725
6739
6749
6781
6794
6828
6925
6944
6967
6999
7160
7193
7273
7310
7725
7880
7896
7985
11042
8090
8246
28933
8352
8361
8400
8423
8324
8477
8500
47167
8206
8905
8925
1356
5713
8950
8977
9038
9356
9432
9446
9521
11015
9553
9641
9858
9900
10014
10077
10093
10282
10254
10317
10347
10399
10478
10535
10613
10624
10630
10574
10643
10657
10690
10658
10726
10047
10741
10821
10819
10833
10855
340
10863
10875
10892
10904
10933
10932
10954
10962
10999
11024
11037
11049
11059
11064
11410
11072
11084
11082
11108
11111
11136
11145
11187
11293
11290
11322
11397
11373
11377
11390
11427
11433
11451
11456
11465
11479
11497
11501
11504
11599
11521
11524
11528
11536
11539
11545
11548
11553