28585
28597
28614
28630
28651
28666
28665
28661
28709
28737
28747
28772
28803
28808
28824
28836
28880
28940
28915
29007
29037
29054
29071
29084
29085
29083
29105
29122
29134
29145
29178
29261
29272
29303
29320
29396
29383
29369
29439
29454
29433
29495
29513
29662
29676
29682
29685
29710
11593
339
29844
29879
29887
29897
29921
29911
29956
29979
27286
30004
30018
30027
30035
30078
30091
30102
30132
30180
27318
30195
30211
30232
30248
30363
30361
30389
30426
30452
30493
30510
30522
30535
30550
28741
30592
30589
30619
30628
30661
30685
30678
30711
25609
30761
30772
30788
30796
30807
30817
30840
30870
30876
30882
18468
30892
29024
30990
30992
31011
31098
31108
31201
31128
31143
33770
31176
31217
33761
31224
31234
31255
31288
33785
31313
31344
31359
31450
31462
33989
31474
31460
33718
31591
31604
31617
31629
31660
33995
31670
33732
31686
31745
33779
31803
31779
28339
31868
31848
28441
31933
33981
34428
37872
34444
31964
31995
1180
32021
32046
31960
32058
32027
32245
30736
16578
31762
32346
32402
32429
25020
32315
32468
32535
32543
32520
32588
32624
32661
32716
26026
32734
32731
24943
32768
32786
32672
32903
32913
32957
32935
32963
32927
32975
33040
33067
33074
33116
33128
33132
33145
33147
33156
33214
33255
33326
33335
33304
33377
33416
33450
33496
33489
33543
33548
33471
33639
33602
33669
33688
33693
33717
33714
33819
33430
33838
33849
33872
34516
33894
23727
33906
33232
34014
33982
34045
34063
34079
34261
34114
34138
34144
34090
34122
34189
50275
28780
1252
6081
34205
37738
34249
34247
34339
34325
34359
34411
34387
34442
34498
34108
34507
34483
34547
34554
34581
34563
472
34623
34598
34658
34671
34640
34715
24791
34728
34723
34740
34622
34799
34791
34809
34823
37519
34830
37619
37655
37665
27244
31727
37534
34796
26740
11371
34899
34908
34920
34839
37550
34888
26037
26067
36542
34955
34991
34979
35069
35099
35106
35113
35223
35240
37696
35301
27720
35312
29723
35400
35260
35266
35455
35468
35473
35487
35278
35364
21500
35558
35624
5581
35621
35576
35599
32459
32549
35657
35630
37728
35681
35691
35724
35670
35715
35769
35797
32704
35823
30112
37732
35896
35805
49874
35941
35940
35922
37735
35961
35954
35970
36068
36066
36140
36162
36209
36214
36226
5503
11803
36171
36303
20355
36378
36391
36430
36432
30547
33183
36527
53627
36543
36560
36567
36602
36612
36626
36619
36318
36714
30826
6469
36724
36794
36792
36831
36854
36874
36894
36489
36828
28416
36949
36481
36960
37112
36976
36996
37013
37017
37023
37049
37069
37099
37063
37111
37128
36505
37176
37214
37225
21320
37228
37056
37282
18184
37301
11422
33912
28532
36584
31244
24566
36595
36683
36734
31338
1255
27107
37408
37264
27185
37559
37572
37583
37438
27213
37586
37390
5709
31714
37699
37706
37718
37721
37752
37744
37813
37873
37897
37745
24520
16513
37941
36901
38000
37994
37950
38050
38046
38119
37232
38195
37995
38066
38239
38265
38292
16753
38330
38279
38310
38413
20057
38048
38368
38483
4993
26800
12740
38535
38546
38538
38560
38544
38574
38606
10481
38480
38621
30129
38503
38684