11555
11564
11567
11571
11575
11580
11590
11616
11623
11627
11630
11634
11638
11642
11652
11655
11669
11676
11681
11687
11693
11705
11711
11720
11728
11739
11742
11749
11757
11779
11762
11791
11794
11798
11795
11837
11840
11846
11844
11863
11907
11935
11943
11961
12018
12044
12064
12006
12086
12103
12136
12159
12167
12185
12219
12260
12291
12272
12305
25245
12324
12348
12369
12385
12403
26155
12476
12506
12498
9920
12543
12577
12683
12709
12746
12771
12784
12812
12862
12884
12929
12995
13032
13102
13126
13282
29404
13324
13357
13369
13416
13466
13530
13522
13598
12678
13636
13655
13658
13702
13715
13727
13760
13747
13803
13839
13890
33627
13908
13918
13926
13925
13938
13964
14050
13984
14006
14052
14067
14079
14091
14097
14119
14133
37326
14113
14147
14157
14181
14187
14195
14207
6370
14220
14234
14295
14320
14322
33584
29429
11334
14339
14480
22556
11047
11834
14551
14585
27391
13483
14613
14623
14628
14633
14704
45108
15047
15171
15215
16765
15400
15620
33754
13510
5926
33744
15871
1131
12213
16399
16418
16547
16566
16651
16674
16774
16803
16827
16835
16850
16884
16887
16957
17015
17044
17050
16944
17102
17144
17096
17194
17315
53582
9552
17418
17425
17464
4306
12972
17697
17577
1409
17775
17789
17898
17925
18025
18026
18059
18054
18103
18147
18188
18454
18445
18474
18485
18532
18538
18530
18531
18613
10886
18659
14398
18712
18921
19011
1239
19046
19064
19065
19164
19266
19171
19244
19251
19255
12836
19282
19296
19363
19499
19520
1101
19631
19692
22623
19703
19719
19733
19750
19778
19779
19797
1407
401
19889
5963
19966
20020
11160
5829
20070
12319
20095
11200
10485
20177
20192
10568
20313
20316
20358
10490
9993
20402
20376
20492
20499
20614
20623
20694
13439
11078
20728
20886
11141
11039
1158
21158
13495
21315
11714
21357
1263
1141
21394
11415
21431
21450
21489
1319
11166
12459
21593
28898
21723
21750
11130
21905
21994
22059
22073
13549
22133
22146
5436
22173
22207
22211
22421
10256
22565
22700
22716
22727
22739
22820
22948
24497
23084
13397
23221
23244
22857
23304
23320
23345
23341
23354
23403
23420
23428
23450
6110
23479
23607
23626
23646
23647
23658
23702
23762
5657
23848
23854
23897
23918
24011
24002
24160
24167
24213
24241
24276
24295
24328
24358
24377
24454
24511
24519
24584
24639
24723
24809
25033
24961
24939
25057
25091
25198
25206
25248
25324
25338
25392
25629
25512
25527
11663
25704
25727
25761
25771
8044
25841
25879
25747
25929
25958
26006
26047
26073
26097
26120
26129
26532
26145
26165
26177
26153
26259
26278
26357
26363
26386
26400
26424
26337
25224
26481
10924
26520
26537
32815
26570
26687
26768
26781
26789
26719
26808
26801
26832
26874
26890
26943
26986
27057
34519
34521
34523
27130
27176
27202
27235
27275
27324
27283
27361
27373
27412
27423
27424
27459
27494
27530
27505
27514
27519
27532
27559
27567
27634
27659
27663
27673
27688
27690
27731
27776
27850
27898
27966
27960
27940
28014
28065
28094
28097
28115
9379
28134
28159
28146
13131
28206
28230
28237
28243
28361
24388
21473
28427
28487
28720
28503
28557