47461
47526
47559
47615
46901
47636
47606
47683
47708
47711
47676
47675
47752
47739
48198
47747
47391
48488
48626
48036
48410
47721
47918
47929
47909
47959
47979
47957
33936
48216
48449
48301
47924
48633
48649
48387
48228
48265
48065
48074
48089
48099
48183
48121
48132
48140
48151
48163
48110
26848
31118
48507
48361
47684
47706
48048
48551
48602
28689
47775
49160
47864
47907
48005
47970
47274
47312
47330
48218
48193
48242
10363
48326
48392
48411
29236
15274
48525
48561
48539
27050
48250
48386
48506
48531
48402
48716
26862
48749
48804
31565
48859
48835
48892
48862
48884
31642
24925
48920
48824
48964
48956
48965
48887
41064
48817
1395
48928
48937
48945
47227
48993
18881
49101
48840
31891
49134
31941
49135
49062
49081
49098
49177
49158
49328
49342
49382
49388
1169
49401
49399
49179
49422
49191
29741
49437
49461
49475
49500
49510
49513
16691
11405
49242
25424
25507
32393
16755
49403
29959
49627
49567
49623
15642
48868
49613
49626
49742
49575
49653
30261
50019
49873
49980
50047
49772
50022
50093
30444
49906
50026
50065
33458
32838
50109
50185
50193
49988
49573
12431
49899
17223
11190
23393
28853
49935
30576
50290
33158
49966
30588
50347
50348
50407
50447
23712
52629
50411
50448
50110
50486
50519
1346
26465
33644
48490
16282
50623
50647
41101
28396
50741
41478
50661
50669
50801
50818
50823
50803
50866
50885
50675
50344
50915
13038
50920
24131
50955
51126
18315
51188
51599
51790
50980
50168
50988
51001
50995
51031
51063
51300
51318
51528
51567
51904
51212
51338
51922
51085
51375
34094
51093
51423
51124
51114
51113
51174
51146
50979
51198
51249
50910
51157
51886
51264
51252
51232
51447
51589
51758
51803
51997
19132
413
17758
21986
19189
51976
52028
52025
51616
32918
52144
31653
52191
52165
24825
51970
50545
50578
50917
50944
50601
24890
27215
24930
52338
28883
19623
28021
52370
24994
52406
30641
52445
31827
53695
11916
52516
52524
52568
4467
4498
52620
52673
25508
29743
52699
52778
34060
23758
52871
50183
52565
23462
52904
52945
16794
16810
52978
53027
29784
1315
53092
25501
28212
53162
20119
31305
53226
53209
53236
51866
53265
53197
32649
53351
53279
53370
53387
4645
52917
53090
53434
53451
53159
53489
53511
53558
53527
53618
53545
53635
9888
53714
53721
53775
53765
53753
53747
53681
53787
53745
53806
53836
53871
45026
11704
10599
5992
53736
54036
53917
53934
53966
54047
54000
54073
54010
54093
6762
53847
53993
54021
54151
54293
54329
54139
54381
14237
54435
54491
54511
54513
35382
54581
35431
54789
54509
54363
54269
54873
55225
55175
55093
55075
55047
55023
55005
54951
54831
55329
55333
55295
55269
55385
54861
35524
54879
57403
55415
55603
55705
55727
55859
57397
55719
55515
55755
56221
56165
56273
56291
56323
56179
56365
56395
56067
54945
56561
56597
56629
56657
56695
56603
56483
56453
56449
56479
56535
56937
56943
56953
56959
56967
57041
57049
57059
28871
57169
56447
56935
57273
57281
57331
57341
57433
57551
57431
55979
57697
56149
56699
57191
54711
58027
58597
58603
57193
57271
58071
58123
57939
57593
57657
57933
58113
58005
54575
58467