58537
58527
58217
58553
57107
58365
58345
57569
57881
42287
58167
58383
1251
58225
58065
58875
58447
18502
58517
58927
58683
59817
14335
32274
59095
59109
59165
59879
59251
59303
59317
59331
59355
59371
59205
59497
59519
59559
59551
59653
59677
59709
59723
59455
59789
59933
59967
60025
59997
60077
60311
42520
39164
42841
41869
41915
59787
41347
60465
60521
60650
60499
60662
60722
60683
60819
60893
10920
60919
60930
60986
60966
60985
60943
61008
61032
61055
61107
61119
61149
61169
61190
61161
61162
61220
61239
61269
11152
61330
61373
61385
61400
61396
61423
61424
61458
29038
61516
61543
61558
61570
61595
61485
8092
61620
61612
61654
61653
61675
8845
61708
60945
61730
61749
61760
61778
61834
61843
61854
61855
61875
61813
61899
61911
61900
61926
61938
61995
60193
61867
62056
61776
61909
62021
62046
62168
62125
62305
62141
55747
62202
61453
62251
62221
62188
62263
61337
62286
12640
62318
62325
62020
62340
25255
62342
62409
62417
62435
62520
62546
62558
62564
62535
62585
62595
62604
62622
62634
62632
62335
62666
62683
62697
62668
11598
5781
62641
62776
62810
62896
62949
62958
63015
11811
11817
11821
63025
63032
63048
62933
63060
63066
63061
63101
63169
63225
63222
11326
1352
63297
66094
63231
63359
63384
63421
63265
63455
63494
63581
63622
63785
63796
63794
14958
63870
9505
63884
1408
63904
63923
63934
63915
63951
63964
63972
53155
1406
30862
64009
64041
64056
64068
64083
64090
64106
64120
64134
64152
64175
12461
1410
14888
14087
64275
64276
1362
64324
13051
64316
64356
64378
29988
45396
13045
64428
64481
60189
66007
66876
66782
33907
65396
65978
65992
10713
61050
10463
64545
64544
64548
48379
64558
64559
64593
64619
64638
64628
64666
10539
64708
64697
64738
64763
64758
64395
64783
64757
61040
31267
64850
64876
64896
64794
64867
64913
64931
64957
64959
64980
64932
65013
64983
65042
64961
65045
65084
65080
65106
32300
65116
65127
63313
65164
14638
65182
65210
64265
65223
65270
65271
65285
65329
11359
32823
65353
61251
10455
65384
31605
65407
65395
1236
65479
65485
65483
65520
65569
56533
65612
13914
24606
66190
65697
30849
65710
65715
65747
66222
65799
65828
65817
65898
65465
66517
65889
65916
65923
65949
65658
65999
66024
65960
66040
65647
66072
66102
66073
66128
66138
66162
66174
66180
66182
66194
66210
66221
66285
66296
66304
66318
66314
66352
66362
66383
66382
66404
66389
66423
66434
66406
66452
66474
66491
66541
66520
66553
66729
66602
66613
66606
66642
15687
66651
66653
32600
66686
66712
66736
66753
66776
51346
66769
39192
66790
66823
66841
66856
67355
66893
67019
8012
10711
66910
66924
44621
66950
66958
66985
67048
67060
20466
67089
11340
67074
19213
67117
16312
38433
67126
67142
12859
9018
67183
67176
67160
66919
12245
9691
1353
24672
35748
67357
67261
61334
36201
67284
19439
67295
67324
67262
44951
67356
67394
67404
67454
67465
67473
67484
67496
67497
67515
67524
67532
67538
67553
67566
67569
67470
67597
67557
67630
67650