38747
38755
38765
38781
38788
38800
18426
38812
38813
38825
38850
31955
38939
38686
38963
39019
39016
33042
26138
39054
39096
39031
39153
39203
39098
30603
26292
39239
39251
39224
39272
4399
38983
33314
39320
39275
39366
39390
39395
39339
39301
39430
39379
26330
40529
39479
39492
39500
39578
39602
39629
39505
40725
26343
40748
39801
26590
40824
39883
40704
26498
40418
26350
39892
24041
39903
39915
39917
39967
39974
39982
39661
40013
39458
40106
10909
39965
40783
40041
40190
40676
40852
28700
40191
11769
5577
40393
40400
40511
40617
40564
60746
39538
28900
31273
21722
40773
40346
21746
40100
39936
40884
40859
40938
40948
40964
40973
27002
40984
41015
39947
39955
31532
41083
40603
40715
40749
40840
41058
41164
41060
40969
29290
41278
41258
24901
41196
31703
41306
41391
40860
40887
41490
40841
41219
41640
41611
41706
41338
41749
41832
41616
39996
41619
41886
41770
41952
41994
41098
41772
28498
40215
41499
42007
41951
41561
22994
42158
42186
44284
42192
25491
41166
42225
42257
26290
41399
41852
42326
41771
41925
42084
42201
42221
42556
41829
29987
42377
42720
42817
42848
42847
42871
42230
41551
42629
42963
43002
42616
42422
30259
43019
30262
43061
43073
11091
42480
43158
42876
42762
41423
41506
42828
41577
42693
43102
43095
43253
43299
43321
42015
42347
43368
42389
42398
17504
14341
41659
43465
41797
42299
43196
43518
43247
42661
43329
33360
43392
43658
42318
9354
41781
1369
44987
14573
43473
43895
43897
43910
14587
43542
43930
9670
43422
43076
42606
28324
44023
43888
23948
11831
1370
45682
42680
21250
42595
42646
42430
45462
44126
44185
45106
44311
34970
42357
45163
44419
43979
44446
42368
45028
45265
45070
45484
45305
41790
44538
45308
45390
45557
45393
44138
42668
44650
44495
44485
45402
45216
45438
45449
45243
44158
44261
44691
45513
45132
45321
44106
44224
44710
44049
34165
44544
44507
31142
44531
44040
44776
44033
43893
44846
44877
43182
43324
28781
44523
44901
44563
44057
44941
44474
44573
44582
1371
44070
44590
45094
44297
45271
43554
45186
44613
14223
44803
44272
45398
43602
29504
44063
45505
45558
45568
45591
45599
45619
45639
45664
45672
45514
45072
45729
45721
45858
19295
45747
45753
45040
45822
45833
45849
45914
44790
46011
16503
31857
31880
22544
10212
1281
27386
45752
1372
46070
14405
46094
31105
22838
43476
46116
10495
45574
45583
46155
29774
43905
46197
46090
46187
27481
46173
44817
44829
44554
44597
44604
46280
22969
46240
46285
46302
46347
46175
46336
25408
46361
45608
1399
46464
46314
46482
46522
12939
46532
46568
24115
1379
29938
15061
30065
25805
23194
12384
46606
46473
32754
32755
46542
26183
46362
46480
46667
29707
46531
46738
46538
46638
46575
46378
46797
46720
30371
46835
46620
46749
16605
46605
46885
34159
34150
46917
46933
11746
46838
46976
47008
26063
46970
47043
47047
47105
46945
30421
46972
47036
47102
45740
47004
20662
45713
47219
21703
45629
26331
45648
30719
45657
23793
47255
26440
11543
46956
15428
47002
47414
47078
47422
47107
47162
23851
30833
14653
47431
47482
19414
28391
47525
21209
47153
47452
47589
19294